      50.0000      6.20871
      74.9750      6.23479
      99.9499      6.24112
      124.925      6.22889
      149.900      6.19497
      174.875      6.15726
      199.850      6.11987
      224.825      6.07724
      249.800      6.00862
      274.775      5.71307
      299.750      4.32355
      324.725      4.71757
      349.700      4.88110
      374.675      4.98204
      399.650      5.06431
      424.625      5.12489
      449.600      5.17236
      474.575      5.21072
      499.550      5.24456
      524.525      5.27417
      549.500      5.30043
      574.474      5.32494
      599.449      5.34618
      624.424      5.36501
      649.399      5.38197
      674.374      5.39692
      699.349      5.40836
      724.324      5.42542
      749.299      5.44289
      774.274      5.45882
      799.249      5.47363
      824.224      5.48757
      849.199      5.50080
      874.174      5.51687
      899.149      5.52894
      924.124      5.54011
      949.099      5.55106
      974.074      5.56150
      999.049      5.57137
      1024.02      5.58066
      1049.00      5.58987
      1073.97      5.59890
      1098.95      5.60740
      1123.92      5.61541
      1148.90      5.62285
      1173.87      5.62981
      1198.85      5.63636
      1223.82      5.64248
      1248.80      5.64839
      1273.77      5.65419
      1298.75      5.65986
      1323.72      5.66500
      1348.70      5.66980
      1373.67      5.67422
      1398.65      5.67817
      1423.62      5.68174
      1448.60      5.68495
      1473.57      5.68778
      1498.55      5.69035
      1523.52      5.69261
      1548.50      5.69447
      1573.47      5.69587
      1598.45      5.69686
      1623.42      5.69734
      1648.40      5.69733
      1673.37      5.69677
      1698.35      5.69559
      1723.32      5.69379
      1748.30      5.69139
      1773.27      5.68824
      1798.25      5.68412
      1823.22      5.67880
      1848.20      5.67203
      1873.17      5.66344
      1898.15      5.65213
      1923.12      5.63698
      1948.10      5.61625
      1973.07      5.58518
      1998.05      5.53130
      2023.02      5.28549
      2048.00      4.39935
      2072.97      4.96702
      2097.95      4.85052
      2122.92      4.71955
      2147.90      4.94668
      2172.87      5.01408
      2197.85      5.04698
      2222.82      5.06705
      2247.80      5.08059
      2272.77      5.08958
      2297.75      5.09407
      2322.72      5.09600
      2347.70      5.09581
      2372.67      5.09301
      2397.65      5.08814
      2422.62      5.08108
      2447.60      5.07181
      2472.57      5.05895
      2497.55      5.04017
      2522.52      5.01202
      2547.50      4.85640
      2572.47      4.87075
      2597.45      4.91957
      2622.42      4.92358
      2647.40      4.92171
      2672.37      4.91612
      2697.35      4.90854
      2722.32      4.89875
      2747.30      4.88761
      2772.27      4.87494
      2797.25      4.86072
      2822.22      4.84506
      2847.20      4.82625
      2872.17      4.80502
      2897.15      4.74159
      2922.12      4.70453
      2947.10      4.70914
      2972.07      4.70066
      2997.05      4.68615
      3022.02      4.67082
      3047.00      4.65298
      3071.97      4.63496
      3096.95      4.61446
      3121.92      4.59247
      3146.90      4.54957
      3171.87      4.50319
      3196.85      4.47324
      3221.82      4.47807
      3246.80      4.46230
      3271.77      4.44426
      3296.75      4.42458
      3321.72      4.40481
      3346.70      4.38435
      3371.67      4.36372
      3396.65      4.34306
      3421.62      4.32217
      3446.60      4.30130
      3471.57      4.28031
      3496.55      4.25941
      3521.52      4.23840
      3546.50      4.21764
      3571.47      4.19688
      3596.45      4.17627
      3621.42      4.15588
      3646.40      4.13568
      3671.37      4.11578
      3696.35      4.09575
      3721.32      4.07648
      3746.30      4.05731
      3771.27      4.03837
      3796.25      4.01987
      3821.22      4.00150
      3846.20      3.98337
      3871.17      3.96565
      3896.15      3.94834
      3921.12      3.93143
      3946.10      3.91477
      3971.07      3.89855
      3996.05      3.88269
      4021.02      3.86726
      4046.00      3.85245
      4070.97      3.83745
      4095.95      3.82306
      4120.92      3.80915
      4145.90      3.79559
      4170.87      3.78216
      4195.85      3.76924
      4220.82      3.75673
      4245.80      3.74437
      4270.77      3.73238
      4295.75      3.72074
      4320.72      3.70943
      4345.70      3.69827
      4370.67      3.68749
      4395.65      3.67702
      4420.62      3.66661
      4445.60      3.65653
      4470.57      3.64669
      4495.55      3.63706
      4520.52      3.62767
      4545.50      3.61837
      4570.47      3.60910
      4595.45      3.60016
      4620.42      3.59131
      4645.40      3.58257
      4670.37      3.57393
      4695.35      3.56538
      4720.32      3.55686
      4745.30      3.54828
      4770.27      3.53987
      4795.25      3.53157
      4820.22      3.52309
      4845.20      3.51467
      4870.17      3.50621
      4895.14      3.49766
      4920.12      3.48911
      4945.10      3.48032
      4970.07      3.47154
      4995.05      3.46276
      5020.02      3.45371
      5044.99      3.44459
      5069.97      3.43524
      5094.94      3.42570
      5119.92      3.41602
      5144.90      3.40599
      5169.87      3.39588
      5194.84      3.38562
      5219.82      3.37492
      5244.79      3.36390
      5269.77      3.35278
      5294.74      3.34145
      5319.72      3.32957
      5344.69      3.31749
      5369.67      3.30519
      5394.64      3.29241
      5419.62      3.27934
      5444.59      3.26580
      5469.57      3.25206
      5494.54      3.23804
      5519.52      3.22373
      5544.49      3.20904
      5569.47      3.19382
      5594.44      3.17817
      5619.42      3.16243
      5644.39      3.14652
      5669.37      3.12998
      5694.34      3.11327
      5719.32      3.09633
      5744.29      3.07916
      5769.27      3.06164
      5794.24      3.04391
      5819.22      3.02596
      5844.19      3.00776
      5869.17      2.98934
      5894.14      2.97075
      5919.12      2.95203
      5944.09      2.93309
      5969.07      2.91406
      5994.04      2.89486
      6019.02      2.87564
      6043.99      2.85629
      6068.97      2.83694
      6093.94      2.81781
      6118.92      2.79880
      6143.89      2.77937
      6168.87      2.75996
      6193.84      2.74075
      6218.82      2.72166
      6243.79      2.70265
      6268.77      2.68373
      6293.74      2.66488
      6318.72      2.64613
      6343.69      2.62726
      6368.67      2.60844
      6393.64      2.58966
      6418.62      2.57097
      6443.59      2.55225
      6468.57      2.53357
      6493.54      2.51520
      6518.52      2.49712
      6543.49      2.47908
      6568.47      2.46103
      6593.44      2.44319
      6618.42      2.42558
      6643.39      2.40810
      6668.37      2.39039
      6693.34      2.37287
      6718.32      2.35604
      6743.29      2.33939
      6768.27      2.32254
      6793.24      2.30571
      6818.22      2.28901
      6843.19      2.27241
      6868.17      2.25585
      6893.14      2.23926
      6918.12      2.22276
      6943.09      2.20641
      6968.07      2.19016
      6993.04      2.17374
      7018.02      2.15741
      7042.99      2.14139
      7067.97      2.12566
      7092.94      2.11008
      7117.92      2.09460
      7142.89      2.07932
      7167.87      2.06413
      7192.84      2.04915
      7217.82      2.03432
      7242.79      2.01967
      7267.77      2.00523
      7292.74      1.99099
      7317.72      1.97688
      7342.69      1.96281
      7367.67      1.94881
      7392.64      1.93490
      7417.62      1.92104
      7442.59      1.90718
      7467.57      1.89314
      7492.54      1.87912
      7517.52      1.86519
      7542.49      1.85134
      7567.47      1.83748
      7592.44      1.82351
      7617.42      1.80960
      7642.39      1.79587
      7667.37      1.78227
      7692.34      1.76881
      7717.32      1.75555
      7742.29      1.74248
      7767.27      1.72955
      7792.24      1.71683
      7817.22      1.70438
      7842.19      1.69221
      7867.17      1.68026
      7892.14      1.66846
      7917.12      1.65679
      7942.09      1.64526
      7967.07      1.63388
      7992.04      1.62257
      8017.02      1.61126
      8041.99      1.59994
      8066.97      1.58862
      8091.94      1.57719
      8116.92      1.56573
      8141.89      1.55430
      8166.87      1.54292
      8191.84      1.53152
      8216.82      1.52013
      8241.79      1.50870
      8266.77      1.49721
      8291.74      1.48558
      8316.72      1.47389
      8341.69      1.46213
      8366.67      1.45032
      8391.64      1.43858
      8416.62      1.42695
      8441.59      1.41549
      8466.57      1.40428
      8491.54      1.39345
      8516.52      1.38295
      8541.49      1.37273
      8566.47      1.36273
      8591.44      1.35296
      8616.42      1.34339
      8641.39      1.33393
      8666.37      1.32463
      8691.34      1.31544
      8716.32      1.30634
      8741.29      1.29736
      8766.27      1.28856
      8791.24      1.27989
      8816.22      1.27129
      8841.19      1.26270
      8866.17      1.25414
      8891.14      1.24559
      8916.12      1.23699
      8941.09      1.22836
      8966.07      1.21965
      8991.04      1.21083
      9016.02      1.20185
      9040.99      1.19269
      9065.97      1.18330
      9090.94      1.17368
      9115.92      1.16385
      9140.89      1.15381
      9165.87      1.14364
      9190.84      1.13343
      9215.82      1.12339
      9240.79      1.11344
      9265.77      1.10361
      9290.74      1.09381
      9315.72      1.08424
      9340.69      1.07493
      9365.67      1.06588
      9390.64      1.05707
      9415.62      1.04848
      9440.59      1.04008
      9465.57      1.03186
      9490.54      1.02379
      9515.52      1.01608
      9540.49      1.00855
      9565.47      1.00124
      9590.44     0.994027
      9615.42     0.987047
      9640.39     0.980323
      9665.37     0.973827
      9690.34     0.967513
      9715.31     0.961327
      9740.29     0.955114
      9765.27     0.948854
      9790.24     0.942571
      9815.22     0.936314
      9840.19     0.930097
      9865.16     0.923816
      9890.14     0.917434
      9915.12     0.910858
      9940.09     0.904174
      9965.07     0.897352
      9990.04     0.890384
      10015.0     0.883217
      10040.0     0.875823
      10065.0     0.868197
      10089.9     0.860340
      10114.9     0.852269
      10139.9     0.843950
      10164.9     0.835410
      10189.8     0.826774
      10214.8     0.818062
      10239.8     0.809186
      10264.8     0.800321
      10289.7     0.791492
      10314.7     0.782750
      10339.7     0.774081
      10364.7     0.765497
      10389.6     0.756957
      10414.6     0.748490
      10439.6     0.740223
      10464.6     0.732198
      10489.5     0.724333
      10514.5     0.716791
      10539.5     0.709595
      10564.5     0.702594
      10589.4     0.695898
      10614.4     0.689619
      10639.4     0.683738
      10664.4     0.678164
      10689.3     0.672925
      10714.3     0.667919
      10739.3     0.662686
      10764.3     0.657298
      10789.2     0.651763
      10814.2     0.646005
      10839.2     0.639980
      10864.2     0.633847
      10889.1     0.627712
      10914.1     0.620520
      10939.1     0.613005
      10964.1     0.605607
      10989.0     0.598104
      11014.0     0.589929
      11039.0     0.581297
      11064.0     0.572080
      11088.9     0.535696
      11113.9     0.472330
      11138.9     0.412013
      11163.9     0.364303
      11188.8     0.316819
      11213.8     0.278871
      11238.8     0.248775
      11263.8     0.236019
      11288.7     0.252206
      11313.7     0.268918
      11338.7     0.286129
      11363.7     0.294938
      11388.6     0.298482
      11413.6     0.302044
      11438.6     0.305626
      11463.6     0.306306
      11488.5     0.306731
      11513.5     0.307157
      11538.5     0.307455
      11563.5     0.307181
      11588.4     0.306910
      11613.4     0.306643
      11638.4     0.306084
      11663.4     0.305121
      11688.3     0.304166
      11713.3     0.303219
      11738.3     0.302109
      11763.3     0.300905
      11788.2     0.299713
      11813.2     0.298533
      11838.2     0.297054
      11863.2     0.295512
      11888.1     0.293985
      11913.1     0.292476
      11938.1     0.290937
      11963.1     0.289412
      11988.0     0.287905
      12013.0     0.286398
      12038.0     0.284556
      12063.0     0.282738
      12087.9     0.280945
      12112.9     0.279186
      12137.9     0.277506
      12162.9     0.275853
      12187.8     0.274226
      12212.8     0.272559
      12237.8     0.270610
      12262.8     0.268693
      12287.7     0.266808
      12312.7     0.264947
      12337.7     0.263090
      12362.7     0.261261
      12387.6     0.259458
      12412.6     0.257594
      12437.6     0.255330
      12462.6     0.253092
      12487.5     0.250876
      12512.5     0.248683
      12537.5     0.246540
      12562.5     0.244408
      12587.4     0.242282
      12612.4     0.240024
      12637.4     0.234122
      12662.4     0.228199
      12687.3     0.222236
      12712.3     0.216220
      12737.3     0.209594
      12762.3     0.202847
      12787.2     0.196031
      12812.2     0.189152
      12837.2     0.176175
      12862.2     0.162739
      12887.1     0.150667
      12912.1     0.139790
      12937.1     0.139686
      12962.1     0.146787
      12987.0     0.153997
      13012.0     0.161301
      13037.0     0.165737
      13062.0     0.165098
      13086.9     0.164456
      13111.9     0.163811
      13136.9     0.163145
      13161.9     0.162325
      13186.8     0.161500
      13211.8     0.160671
      13236.8     0.159837
      13261.8     0.156016
      13286.7     0.151571
      13311.7     0.147138
      13336.7     0.142723
      13361.7     0.139491
      13386.6     0.137459
      13411.6     0.135497
      13436.6     0.133602
      13461.6     0.132035
      13486.5     0.132042
      13511.5     0.132048
      13536.5     0.132052
      13561.5     0.132055
      13586.4     0.131942
      13611.4     0.131790
      13636.4     0.131636
      13661.4     0.131482
      13686.3     0.131140
      13711.3     0.130412
      13736.3     0.129682
      13761.3     0.128953
      13786.2     0.128223
      13811.2     0.127535
      13836.2     0.126853
      13861.2     0.126171
      13886.1     0.125489
      13911.1     0.124726
      13936.1     0.123819
      13961.1     0.122913
      13986.0     0.122009
      14011.0     0.121109
      14036.0     0.120245
      14061.0     0.119391
      14085.9     0.118541
      14110.9     0.117694
      14135.9     0.116816
      14160.9     0.115831
      14185.8     0.114853
      14210.8     0.113883
      14235.8     0.112920
      14260.8     0.111994
      14285.7     0.111091
      14310.7     0.110197
      14335.7     0.109312
      14360.7     0.108437
      14385.6     0.107545
      14410.6     0.106662
      14435.6     0.105790
      14460.6     0.104928
      14485.5     0.104073
      14510.5     0.103218
      14535.5     0.102373
      14560.5     0.101540
      14585.4     0.100717
      14610.4    0.0998908
      14635.4    0.0990655
      14660.4    0.0982516
      14685.3    0.0974483
      14710.3    0.0966566
      14735.3    0.0958657
      14760.3    0.0950839
      14785.2    0.0943127
      14810.2    0.0935529
      14835.2    0.0928038
      14860.2    0.0919949
      14885.1    0.0911976
      14910.1    0.0904115
      14935.1    0.0896363
      14960.1    0.0888838
      14985.0    0.0882083
      15010.0    0.0875411
      15035.0    0.0868820
      15060.0    0.0862306
      15084.9    0.0855693
      15109.9    0.0848704
      15134.9    0.0841787
      15159.9    0.0834938
      15184.8    0.0828158
      15209.8    0.0821401
      15234.8    0.0814631
      15259.8    0.0807918
      15284.7    0.0801267
      15309.7    0.0794669
      15334.7    0.0788227
      15359.7    0.0781990
      15384.6    0.0775803
      15409.6    0.0769663
      15434.6    0.0763566
      15459.6    0.0757466
      15484.5    0.0751326
      15509.5    0.0745224
      15534.5    0.0739159
      15559.5    0.0733124
      15584.4    0.0727067
      15609.4    0.0720940
      15634.4    0.0714833
      15659.4    0.0708741
      15684.3    0.0702661
      15709.3    0.0696557
      15734.3    0.0690362
      15759.3    0.0684167
      15784.2    0.0677963
      15809.2    0.0671752
      15834.2    0.0665560
      15859.2    0.0659593
      15884.1    0.0653602
      15909.1    0.0647594
      15934.1    0.0641560
      15959.1    0.0635499
      15984.0    0.0629295
      16009.0    0.0623060
      16034.0    0.0616795
      16059.0    0.0610500
      16083.9    0.0604178
      16108.9    0.0597728
      16133.9    0.0591215
      16158.9    0.0584674
      16183.8    0.0578108
      16208.8    0.0571516
      16233.8    0.0564834
      16258.8    0.0558065
      16283.7    0.0551269
      16308.7    0.0544449
      16333.7    0.0537604
      16358.7    0.0530708
      16383.6    0.0523692
      16408.6    0.0516648
      16433.6    0.0509576
      16458.6    0.0502471
      16483.5    0.0495334
      16508.5    0.0488444
      16533.5    0.0481561
      16558.5    0.0474639
      16583.4    0.0467674
      16608.4    0.0460667
      16633.4    0.0453550
      16658.4    0.0446319
      16683.3    0.0439040
      16708.3    0.0431716
      16733.3    0.0424345
      16758.3    0.0416929
      16783.2    0.0409384
      16808.2    0.0401810
      16833.2    0.0394209
      16858.2    0.0386591
      16883.1    0.0378962
      16908.1    0.0371534
      16933.1    0.0364254
      16958.1    0.0356990
      16983.0    0.0349751
      17008.0    0.0342545
      17033.0    0.0335342
      17058.0    0.0327693
      17082.9    0.0320113
      17107.9    0.0312613
      17132.9    0.0305202
      17157.9    0.0297885
      17182.8    0.0290842
      17207.8    0.0284063
      17232.8    0.0277384
      17257.8    0.0270810
      17282.7    0.0264339
      17307.7    0.0257974
      17332.7    0.0251628
      17357.7    0.0245381
      17382.6    0.0239238
      17407.6    0.0233200
      17432.6    0.0227265
      17457.6    0.0221505
      17482.5    0.0216056
      17507.5    0.0210696
      17532.5    0.0205425
      17557.5    0.0200244
      17582.4    0.0195150
      17607.4    0.0190106
      17632.4    0.0185123
      17657.4    0.0180240
      17682.3    0.0175458
      17707.3    0.0170783
      17732.3    0.0166219
      17757.3    0.0161734
      17782.2    0.0157360
      17807.2    0.0153109
      17832.2    0.0148984
      17857.2    0.0144986
      17882.1    0.0141115
      17907.1    0.0137368
      17932.1    0.0133751
      17957.1    0.0130264
      17982.0    0.0126908
      18007.0    0.0123678
      18032.0    0.0120562
      18057.0    0.0117523
      18081.9    0.0114602
      18106.9    0.0111793
      18131.9    0.0109092
      18156.9    0.0106490
      18181.8    0.0104018
      18206.8    0.0101711
      18231.8   0.00994766
      18256.8   0.00973057
      18281.7   0.00951938
      18306.7   0.00931334
      18331.7   0.00911117
      18356.7   0.00891207
      18381.6   0.00871680
      18406.6   0.00852502
      18431.6   0.00833638
      18456.6   0.00815082
      18481.5   0.00796753
      18506.5   0.00778612
      18531.5   0.00760764
      18556.5   0.00743216
      18581.4   0.00725985
      18606.4   0.00709078
      18631.4   0.00692550
      18656.4   0.00676454
      18681.3   0.00660760
      18706.3   0.00645485
      18731.3   0.00630675
      18756.3   0.00616344
      18781.2   0.00602673
      18806.2   0.00589868
      18831.2   0.00577597
      18856.2   0.00565878
      18881.1   0.00554720
      18906.1   0.00544129
      18931.1   0.00534089
      18956.1   0.00524542
      18981.0   0.00515542
      19006.0   0.00507061
      19031.0   0.00499076
      19056.0   0.00491538
      19080.9   0.00484404
      19105.9   0.00477546
      19130.9   0.00470977
      19155.9   0.00464636
      19180.8   0.00458451
      19205.8   0.00452366
      19230.8   0.00446308
      19255.8   0.00440166
      19280.7   0.00433924
      19305.7   0.00427552
      19330.7   0.00421018
      19355.7   0.00414294
      19380.6   0.00407377
      19405.6   0.00400447
      19430.6   0.00393554
      19455.6   0.00386505
      19480.5   0.00379327
      19505.5   0.00372056
      19530.5   0.00364734
      19555.5   0.00357396
      19580.4   0.00350047
      19605.4   0.00342797
      19630.4   0.00335698
      19655.4   0.00328803
      19680.3   0.00322166
      19705.3   0.00315834
      19730.3   0.00309706
      19755.3   0.00303926
      19780.2   0.00298571
      19805.2   0.00293661
      19830.2   0.00289206
      19855.2   0.00285207
      19880.1   0.00281683
      19905.1   0.00278647
      19930.1   0.00276006
      19955.1   0.00273721
      19980.0   0.00271741
      20005.0   0.00270010
      20030.0   0.00268463
      20055.0   0.00267008
      20079.9   0.00265594
      20104.9   0.00264153
      20129.9   0.00262616
      20154.9   0.00260919
      20179.8   0.00259001
      20204.8   0.00256871
      20229.8   0.00254589
      20254.8   0.00251989
      20279.7   0.00249055
      20304.7   0.00245783
      20329.7   0.00242179
      20354.7   0.00238262
      20379.6   0.00234026
      20404.6   0.00229528
      20429.6   0.00224826
      20454.6   0.00219974
      20479.5   0.00215028
      20504.5   0.00210048
      20529.5   0.00205085
      20554.5   0.00200082
      20579.4   0.00195228
      20604.4   0.00190573
      20629.4   0.00186168
      20654.4   0.00182050
      20679.3   0.00178255
      20704.3   0.00174826
      20729.3   0.00171798
      20754.3   0.00169147
      20779.2   0.00166875
      20804.2   0.00164972
      20829.2   0.00163422
      20854.2   0.00162199
      20879.1   0.00161344
      20904.1   0.00160781
      20929.1   0.00160411
      20954.1   0.00160187
      20979.0   0.00160056
      21004.0   0.00159965
      21029.0   0.00159859
      21054.0   0.00159563
      21078.9   0.00159096
      21103.9   0.00158436
      21128.9   0.00157536
      21153.9   0.00156355
      21178.8   0.00154863
      21203.8   0.00153042
      21228.8   0.00150979
      21253.8   0.00148611
      21278.7   0.00145937
      21303.7   0.00142975
      21328.7   0.00139747
      21353.7   0.00136282
      21378.6   0.00132616
      21403.6   0.00128813
      21428.6   0.00124887
      21453.6   0.00120884
      21478.5   0.00116852
      21503.5   0.00112841
      21528.5   0.00108900
      21553.5   0.00105082
      21578.4   0.00101594
      21603.4  0.000982962
      21628.4  0.000952237
      21653.4  0.000924056
      21678.3  0.000898643
      21703.3  0.000876158
      21728.3  0.000856685
      21753.3  0.000839122
      21778.2  0.000824780
      21803.2  0.000813523
      21828.2  0.000805113
      21853.2  0.000799265
      21878.1  0.000795650
      21903.1  0.000793910
      21928.1  0.000793830
      21953.1  0.000794811
      21978.0  0.000796490
      22003.0  0.000798544
      22028.0  0.000800657
      22053.0  0.000802534
      22077.9  0.000803887
      22102.9  0.000804695
      22127.9  0.000804526
      22152.9  0.000803045
      22177.8  0.000800030
      22202.8  0.000795284
      22227.8  0.000788634
      22252.8  0.000779950
      22277.7  0.000768843
      22302.7  0.000755305
      22327.7  0.000739604
      22352.7  0.000721821
      22377.6  0.000702102
      22402.6  0.000680661
      22427.6  0.000657770
      22452.6  0.000633799
      22477.5  0.000609186
      22502.5  0.000584227
      22527.5  0.000559346
      22552.5  0.000534958
      22577.4  0.000511446
      22602.4  0.000489154
      22627.4  0.000468370
      22652.4  0.000448991
      22677.3  0.000431510
      22702.3  0.000416041
      22727.3  0.000402626
      22752.3  0.000391254
      22777.2  0.000381885
      22802.2  0.000374459
      22827.2  0.000369261
      22852.2  0.000366035
      22877.1  0.000364375
      22902.1  0.000364215
      22927.1  0.000365493
      22952.1  0.000368141
      22977.0  0.000372068
      23002.0  0.000377155
      23027.0  0.000383088
      23052.0  0.000389903
      23076.9  0.000397399
      23101.9  0.000405341
      23126.9  0.000413474
      23151.9  0.000421515
      23176.8  0.000429169
      23201.8  0.000436262
      23226.8  0.000442458
      23251.8  0.000447386
      23276.7  0.000450800
      23301.7  0.000452492
      23326.7  0.000452288
      23351.7  0.000450066
      23376.6  0.000445751
      23401.6  0.000439039
      23426.6  0.000430250
      23451.6  0.000419481
      23476.5  0.000406884
      23501.5  0.000392665
      23526.5  0.000377074
      23551.5  0.000360408
      23576.4  0.000342946
      23601.4  0.000325017
      23626.4  0.000307040
      23651.4  0.000289351
      23676.3  0.000272269
      23701.3  0.000256073
      23726.3  0.000241001
      23751.3  0.000227240
      23776.2  0.000215353
      23801.2  0.000205074
      23826.2  0.000196258
      23851.2  0.000188936
      23876.1  0.000183114
      23901.1  0.000178788
      23926.1  0.000175939
      23951.1  0.000174539
      23976.0  0.000174602
      24001.0  0.000176163
      24026.0  0.000179155
      24051.0  0.000183492
      24075.9  0.000189073
      24100.9  0.000195780
      24125.9  0.000203469
      24150.9  0.000211938
      24175.8  0.000220731
      24200.8  0.000229941
      24225.8  0.000239366
      24250.8  0.000248788
      24275.7  0.000257973
      24300.7  0.000266677
      24325.7  0.000274656
      24350.7  0.000281658
      24375.6  0.000287421
      24400.6  0.000291757
      24425.6  0.000294484
      24450.6  0.000295464
      24475.5  0.000294600
      24500.5  0.000291850
      24525.5  0.000287225
      24550.4  0.000280773
      24575.4  0.000272585
      24600.4  0.000262867
      24625.4  0.000251835
      24650.4  0.000239734
      24675.3  0.000226843
      24700.3  0.000213445
      24725.3  0.000199836
      24750.2  0.000186298
      24775.2  0.000173103
      24800.2  0.000160486
      24825.2  0.000148647
      24850.1  0.000137749
      24875.1  0.000127911
      24900.1  0.000119210
      24925.1  0.000111686
      24950.1  0.000105392
      24975.0  0.000100395
      40000.0      0.00000
      80000.0      0.00000
