 0.10000     1.5665461E-08
 0.20000     6.2067291E-08
 0.30000     2.4591354E-07
 0.40000     9.7432086E-07
 0.50000     3.8603045E-06
 0.60000     1.5294712E-05
 0.70000     6.0598384E-05
 0.80000     0.00024009351
 0.90000     0.00095126205
  1.0000      0.0037689429
  1.1000       0.014932731
  1.2000       0.039037204
  1.3000       0.078062953
  1.4000        0.12976379
  1.5000        0.18953149
  1.6000        0.25473796
  1.7000        0.32093394
  1.8000        0.38607645
  1.9000        0.44593773
  2.0000        0.50146168
  2.1000        0.55204150
  2.2000        0.59769901
  2.3000        0.63881520
  2.4000        0.67460757
  2.5000        0.70715883
  2.6000        0.73582125
  2.7000        0.76141251
  2.8000        0.78353779
  2.9000        0.80407395
  3.0000        0.82134503
  3.1000        0.83743800
  3.2000        0.85148280
  3.3000        0.86416461
  3.4000        0.87541605
  3.5000        0.88517668
  3.6000        0.89421950
  3.7000        0.90252039
  3.8000        0.91005703
  3.9000        0.91689382
  4.0000        0.92292877
  4.1000        0.92840278
  4.2000        0.93330540
  4.3000        0.93788719
  4.4000        0.94196911
  4.5000        0.94580658
  4.6000        0.94922102
  4.7000        0.95238377
  4.8000        0.95529222
  4.9000        0.95794396
  5.0000        0.96042556
  5.1000        0.96273565
  5.2000        0.96478384
  5.3000        0.96674705
  5.4000        0.96853525
  5.5000        0.97023710
  5.6000        0.97176235
  5.7000        0.97320006
  5.8000        0.97454986
  5.9000        0.97572119
  6.0000        0.97689393
  6.1000        0.97797771
  6.2000        0.97897223
  6.3000        0.97996777
  6.4000        0.98087368
  6.5000        0.98168971
  6.6000        0.98250642
  6.7000        0.98323296
  6.8000        0.98386912
  6.9000        0.98450569
  7.0000        0.98514267
  7.1000        0.98568899
  7.2000        0.98623561
  7.3000        0.98678253
  7.4000        0.98723853
  7.5000        0.98769474
  7.6000        0.98815116
  7.7000        0.98860779
  7.8000        0.98897325
  7.9000        0.98933884
  8.0000        0.98970456
  8.1000        0.98997895
  8.2000        0.99034491
  8.3000        0.99061948
  8.4000        0.99090327
  8.5000        0.99117799
  8.6000        0.99143446
  8.7000        0.99168183
  8.8000        0.99192010
  8.9000        0.99214009
  9.0000        0.99235097
  9.1000        0.99256188
  9.2000        0.99275450
  9.3000        0.99293797
  9.4000        0.99312149
  9.5000        0.99328668
  9.6000        0.99345189
  9.7000        0.99360796
  9.8000        0.99376404
  9.9000        0.99390179
  10.000        0.99403956
  10.100        0.99417734
  10.200        0.99430595
  10.300        0.99442540
  10.400        0.99454485
  10.500        0.99465514
  10.600        0.99476543
  10.700        0.99486654
  10.800        0.99496766
  10.900        0.99506880
  11.000        0.99516075
  11.100        0.99525270
  11.200        0.99533547
  11.300        0.99541825
  11.400        0.99550103
  11.500        0.99557462
  11.600        0.99564822
  11.700        0.99572182
  11.800        0.99579542
  11.900        0.99585983
  12.000        0.99592425
  12.100        0.99598867
  12.200        0.99605309
  12.300        0.99610831
  12.400        0.99616354
  12.500        0.99621877
  12.600        0.99627400
  12.700        0.99632923
  12.800        0.99637527
  12.900        0.99642130
  13.000        0.99646733
  13.100        0.99651337
  13.200        0.99655941
  13.300        0.99660545
  13.400        0.99664229
  13.500        0.99668834
  13.600        0.99672517
  13.700        0.99676201
  13.800        0.99679885
  13.900        0.99683570
  14.000        0.99687254
  14.100        0.99690017
  14.200        0.99693702
  14.300        0.99696466
  14.400        0.99700150
  14.500        0.99702914
  14.600        0.99705678
  14.700        0.99708442
  14.800        0.99711206
  14.900        0.99713970
  15.000        0.99716734
