 0.10000     3.8444086E-24
 0.20000     2.3910484E-22
 0.30000     1.4871245E-20
 0.40000     9.2492391E-19
 0.50000     5.7526068E-17
 0.60000     3.5778647E-15
 0.70000     2.2252722E-13
 0.80000     1.3840166E-11
 0.90000     8.6079654E-10
  1.0000     5.3537571E-08
  1.1000     3.3297967E-06
  1.2000     5.9488925E-05
  1.3000     0.00047570195
  1.4000      0.0021850459
  1.5000      0.0068083859
  1.6000       0.016530310
  1.7000       0.033055745
  1.8000       0.057546636
  1.9000       0.088679383
  2.0000        0.12609947
  2.1000        0.16823455
  2.2000        0.21352445
  2.3000        0.26069081
  2.4000        0.30701079
  2.5000        0.35363147
  2.6000        0.39839785
  2.7000        0.44142814
  2.8000        0.48103851
  2.9000        0.51986189
  3.0000        0.55408565
  3.1000        0.58729729
  3.2000        0.61734458
  3.3000        0.64534126
  3.4000        0.67087794
  3.5000        0.69356936
  3.6000        0.71504341
  3.7000        0.73514170
  3.8000        0.75371269
  3.9000        0.77082738
  4.0000        0.78614844
  4.1000        0.80021981
  4.2000        0.81296404
  4.3000        0.82499595
  4.4000        0.83581467
  4.5000        0.84607135
  4.6000        0.85526765
  4.7000        0.86384526
  4.8000        0.87178364
  4.9000        0.87906362
  5.0000        0.88591312
  5.1000        0.89232111
  5.2000        0.89802837
  5.3000        0.90352167
  5.4000        0.90854469
  5.5000        0.91334244
  5.6000        0.91765664
  5.7000        0.92173565
  5.8000        0.92557622
  5.9000        0.92891763
  6.0000        0.93227112
  6.1000        0.93537739
  6.2000        0.93823389
  6.3000        0.94109913
  6.4000        0.94371148
  6.5000        0.94606878
  6.6000        0.94843198
  6.7000        0.95053756
  6.8000        0.95238378
  6.9000        0.95423358
  7.0000        0.95608696
  7.1000        0.95767845
  7.2000        0.95927259
  7.3000        0.96086938
  7.4000        0.96220207
  7.5000        0.96353661
  7.6000        0.96487299
  7.7000        0.96621123
  7.8000        0.96728317
  7.9000        0.96835629
  8.0000        0.96943059
  8.1000        0.97023710
  8.2000        0.97131351
  8.3000        0.97212158
  8.4000        0.97295731
  8.5000        0.97376675
  8.6000        0.97452284
  8.7000        0.97525249
  8.8000        0.97595563
  8.9000        0.97660513
  9.0000        0.97722798
  9.1000        0.97785121
  9.2000        0.97842060
  9.3000        0.97896319
  9.4000        0.97950608
  9.5000        0.97999494
  9.6000        0.98048403
  9.7000        0.98094619
  9.8000        0.98140855
  9.9000        0.98181671
  10.000        0.98222504
  10.100        0.98263353
  10.200        0.98301494
  10.300        0.98336924
  10.400        0.98372368
  10.500        0.98405096
  10.600        0.98437835
  10.700        0.98467855
  10.800        0.98497884
  10.900        0.98527923
  11.000        0.98555239
  11.100        0.98582562
  11.200        0.98607159
  11.300        0.98631763
  11.400        0.98656372
  11.500        0.98678253
  11.600        0.98700138
  11.700        0.98722029
  11.800        0.98743923
  11.900        0.98763085
  12.000        0.98782251
  12.100        0.98801421
  12.200        0.98820594
  12.300        0.98837031
  12.400        0.98853471
  12.500        0.98869914
  12.600        0.98886359
  12.700        0.98902808
  12.800        0.98916516
  12.900        0.98930227
  13.000        0.98943940
  13.100        0.98957655
  13.200        0.98971371
  13.300        0.98985089
  13.400        0.98996066
  13.500        0.99009787
  13.600        0.99020766
  13.700        0.99031746
  13.800        0.99042727
  13.900        0.99053710
  14.000        0.99064694
  14.100        0.99072932
  14.200        0.99083918
  14.300        0.99092158
  14.400        0.99103146
  14.500        0.99111388
  14.600        0.99119630
  14.700        0.99127873
  14.800        0.99136117
  14.900        0.99144362
  15.000        0.99152607
